2.636379599571228027e-01
7.429213523864746094e-01
6.591882109642028809e-01
2.944772243499755859e-01
5.109875202178955078e-01
6.650658249855041504e-01
4.876143932342529297e-01
5.857896208763122559e-01
4.158865511417388916e-01
5.632154345512390137e-01
5.497070550918579102e-01
4.066645503044128418e-01
6.487856507301330566e-01
4.453846514225006104e-01
6.635221242904663086e-01
6.552737355232238770e-01
6.612018346786499023e-01
6.361564993858337402e-01
6.238654851913452148e-01
6.221891641616821289e-01
2.367816716432571411e-01
7.059776782989501953e-01
3.858476579189300537e-01
4.640970528125762939e-01
2.755407989025115967e-01
4.356988370418548584e-01
5.760274529457092285e-01
5.079537034034729004e-01
4.911321699619293213e-01
6.011810898780822754e-01
5.869295597076416016e-01
4.906396865844726562e-01
5.489514470100402832e-01
5.230742692947387695e-01
6.421340703964233398e-01
5.293958187103271484e-01
6.600880026817321777e-01
4.021645188331604004e-01
5.089910626411437988e-01
5.582461953163146973e-01
6.399823427200317383e-01
4.031480848789215088e-01
2.357213497161865234e-01
5.323349833488464355e-01
5.485595464706420898e-01
7.118250727653503418e-01
6.249674558639526367e-01
3.271520435810089111e-01
4.884190559387207031e-01
3.647297620773315430e-01
4.816908836364746094e-01
2.809138894081115723e-01
4.986585080623626709e-01
4.401082694530487061e-01
7.572227716445922852e-01
4.693281352519989014e-01
5.638617277145385742e-01
3.705083429813385010e-01
6.695154905319213867e-01
3.724809288978576660e-01
6.533277034759521484e-01
2.921417951583862305e-01
5.427820086479187012e-01
4.592489898204803467e-01
6.177279353141784668e-01
6.200480461120605469e-01
4.829197525978088379e-01
7.633117437362670898e-01
3.399888575077056885e-01
3.744235336780548096e-01
3.123094737529754639e-01
6.109946370124816895e-01
3.549213409423828125e-01
3.138521015644073486e-01
7.374880313873291016e-01
6.333424448966979980e-01
2.969270348548889160e-01
3.516555428504943848e-01
5.899115204811096191e-01
2.683869004249572754e-01
7.081664204597473145e-01
5.128729343414306641e-01
4.557552337646484375e-01
5.002859234809875488e-01
6.479688286781311035e-01
4.145583808422088623e-01
6.482830643653869629e-01
5.774132013320922852e-01
3.738061189651489258e-01
4.940537512302398682e-01
7.538719177246093750e-01
3.671018183231353760e-01
3.842431306838989258e-01
5.394062399864196777e-01
5.392536520957946777e-01
2.651221454143524170e-01
4.668583571910858154e-01
6.804617047309875488e-01
5.033261179924011230e-01
7.252736687660217285e-01
6.273969411849975586e-01
2.759189903736114502e-01
7.129375338554382324e-01
5.145928263664245605e-01
6.765190958976745605e-01
2.623955309391021729e-01
5.456947088241577148e-01
5.627259612083435059e-01
4.076948165893554688e-01
5.178918838500976562e-01
6.095904707908630371e-01
2.247657179832458496e-01
7.435289621353149414e-01
4.227899014949798584e-01
3.542219698429107666e-01
7.553432583808898926e-01
2.678423821926116943e-01
4.200578927993774414e-01
4.487505555152893066e-01
4.068471193313598633e-01
3.911261558532714844e-01
1.527704894542694092e-01
5.798131823539733887e-01
7.034808993339538574e-01
3.388019204139709473e-01
4.116551876068115234e-01
4.577794671058654785e-01
4.444558322429656982e-01
2.966101169586181641e-01
6.072607040405273438e-01
4.682823717594146729e-01
5.262653827667236328e-01
1.974562406539916992e-01
5.302382111549377441e-01
5.118577480316162109e-01
7.815465331077575684e-01
3.176670968532562256e-01
5.761588811874389648e-01
4.658681452274322510e-01
6.463008522987365723e-01
2.856235504150390625e-01
6.388794183731079102e-01
4.660914838314056396e-01
1.800603419542312622e-01
5.100762844085693359e-01
3.813871741294860840e-01
5.198507308959960938e-01
5.588558912277221680e-01
3.870132863521575928e-01
3.364165723323822021e-01
3.013154566287994385e-01
5.736412405967712402e-01
3.648201525211334229e-01
6.873737573623657227e-01
6.744323968887329102e-01
7.500976324081420898e-01
3.861379921436309814e-01
3.698497116565704346e-01
4.678110480308532715e-01
4.985819756984710693e-01
5.070795416831970215e-01
4.134069085121154785e-01
6.917338967323303223e-01
7.446199059486389160e-01
6.545285582542419434e-01
4.324115812778472900e-01
3.113976716995239258e-01
4.895821213722229004e-01
3.897295296192169189e-01
2.549274563789367676e-01
4.098601639270782471e-01
3.338578939437866211e-01
7.312442660331726074e-01
1.923892199993133545e-01
5.458483695983886719e-01
7.108881473541259766e-01
7.304298281669616699e-01
1.840690225362777710e-01
5.853297710418701172e-01
2.386138886213302612e-01
4.211666584014892578e-01
4.787135720252990723e-01
3.709577322006225586e-01
4.917609691619873047e-01
5.242995619773864746e-01
7.595323324203491211e-01
6.998328566551208496e-01
6.670847535133361816e-01
3.475152552127838135e-01
5.603885650634765625e-01
6.547327637672424316e-01
4.134343564510345459e-01
3.341425657272338867e-01
5.490385890007019043e-01
2.231892943382263184e-01
3.370587527751922607e-01
5.630047917366027832e-01
4.969506263732910156e-01
5.082023143768310547e-01
6.622221469879150391e-01
4.155863821506500244e-01
7.649385333061218262e-01
4.682426452636718750e-01
3.704038262367248535e-01
4.654613733291625977e-01
6.808691024780273438e-01
6.468508839607238770e-01
7.776640653610229492e-01
3.969348967075347900e-01
5.594118237495422363e-01
4.105249643325805664e-01
6.608520150184631348e-01
2.463259845972061157e-01
5.340273380279541016e-01
5.076580047607421875e-01
6.042012572288513184e-01
4.502169191837310791e-01
5.349298715591430664e-01
2.558732330799102783e-01
3.392074406147003174e-01
2.204366475343704224e-01
3.563513159751892090e-01
3.168400824069976807e-01
5.368402004241943359e-01
5.110993385314941406e-01
4.489054977893829346e-01
7.403910756111145020e-01
3.205960988998413086e-01
5.061159133911132812e-01
2.700357139110565186e-01
5.885599255561828613e-01
6.795369982719421387e-01
5.521847009658813477e-01
3.792239725589752197e-01
2.847022712230682373e-01
3.731412589550018311e-01
5.469462871551513672e-01
2.388866841793060303e-01
1.560783535242080688e-01
6.393695473670959473e-01
5.500929951667785645e-01
4.551210999488830566e-01
3.988685011863708496e-01
3.234309256076812744e-01
6.222174167633056641e-01
5.031294226646423340e-01
3.548530340194702148e-01
3.903206884860992432e-01
7.260091304779052734e-01
3.625500798225402832e-01
7.131845951080322266e-01
6.480600237846374512e-01
3.448426425457000732e-01
3.722361028194427490e-01
8.098450303077697754e-01
4.375561773777008057e-01
