12 11 11 9 12
9 12 12 10 14
7 10 8 9 11
8 9 8 8 12
6 7 8 7 9
9 9 8 8 9
8 8 8 9 8
10 10 9 9 9
7 6 8 7 8
13 12 11 11 10
9 9 9 10 8
11 9 11 8 10
9 12 10 9 9
11 14 12 13 12
12 13 13 13 10
13 14 13 15 9
12 11 13 13 9
10 12 11 12 8
7 8 9 12 9
8 10 9 9 9
9 9 8 9 11
7 8 5 6 12
13 13 15 12 12
15 15 15 11 14
14 17 12 13 15
19 17 18 17 15
20 20 18 18 15
22 19 23 24 17
22 20 20 21 15
21 21 19 23 16
20 19 19 21 17
17 17 18 18 16
19 17 18 17 14
14 15 13 14 13
8 7 9 9 8
12 11 11 12 10
13 13 13 13 11
12 14 13 12 12
11 13 12 11 13
12 12 11 12 11
5 6 5 6 7
13 10 9 9 10
10 9 10 9 7
10 8 8 7 8
18 14 17 13 10
16 14 14 12 14
19 18 18 18 15
24 24 23 24 22
23 24 24 22 21
22 20 21 22 19
13 13 14 12 11
9 9 10 10 8
20 21 23 27 18
4 4 5 3 2
19 18 20 18 15
10 11 9 9 10
13 13 12 12 12
9 10 9 7 5
7 7 7 6 5
10 12 12 11 9
7 7 7 7 9
2 2 2 2 4
12 10 10 12 11
9 12 11 11 12
6 7 6 6 9
10 12 9 9 14
6 6 7 6 5
1 1 1 2 2
9 12 10 11 11
4 6 5 5 9
12 13 11 14 8
9 10 11 10 9
5 5 5 5 4
12 12 12 11 11
13 12 13 10 9
5 5 5 6 4
8 8 7 6 8
18 17 18 16 13
12 11 11 11 9
16 16 15 16 14
19 17 18 18 16
7 9 8 9 9
10 11 9 7 12
16 14 16 14 12
9 10 11 9 11
6 5 4 5 5
15 15 17 16 14
12 13 13 13 10
14 14 13 15 11
10 9 9 11 11
14 13 15 14 13
8 7 8 9 9
5 5 6 5 3
16 15 17 14 11
6 6 5 5 6
6 7 7 9 10
12 13 11 10 10
21 22 19 19 15
22 22 22 19 22
10 11 10 9 9
6 7 6 6 7
12 11 11 11 11
1 2 3 4 1
24 23 25 23 19
6 6 7 5 6
13 14 16 14 11
3 3 4 4 4
5 5 5 6 4
2 2 2 2 3
10 11 11 13 10
5 6 6 6 6
2 2 2 2 3
