2.650022208690643311e-01
7.436859011650085449e-01
6.602321863174438477e-01
2.954653501510620117e-01
5.107700824737548828e-01
6.643753647804260254e-01
4.874123334884643555e-01
5.859625339508056641e-01
4.156115949153900146e-01
5.633707046508789062e-01
5.496232509613037109e-01
4.095434844493865967e-01
6.481492519378662109e-01
4.442822039127349854e-01
6.630018353462219238e-01
6.536155343055725098e-01
6.617992520332336426e-01
6.366109848022460938e-01
6.228359937667846680e-01
6.208584308624267578e-01
2.377930879592895508e-01
7.025415897369384766e-01
3.874025046825408936e-01
4.641191959381103516e-01
2.756170332431793213e-01
4.343568086624145508e-01
5.745653510093688965e-01
5.066899657249450684e-01
4.910120069980621338e-01
6.018580198287963867e-01
5.844547152519226074e-01
4.908063113689422607e-01
5.498453974723815918e-01
5.250254273414611816e-01
6.402231454849243164e-01
5.301830172538757324e-01
6.572949886322021484e-01
4.048539698123931885e-01
5.086307525634765625e-01
5.542893409729003906e-01
6.402435302734375000e-01
4.046677947044372559e-01
2.363751977682113647e-01
5.310920476913452148e-01
5.485632419586181641e-01
7.119638919830322266e-01
6.256942749023437500e-01
3.299087285995483398e-01
4.860880970954895020e-01
3.666523993015289307e-01
4.808677434921264648e-01
2.837152779102325439e-01
5.003309249877929688e-01
4.415886700153350830e-01
7.551749944686889648e-01
4.698686301708221436e-01
5.648344755172729492e-01
3.722985386848449707e-01
6.678393483161926270e-01
3.747448623180389404e-01
6.528465151786804199e-01
2.932683825492858887e-01
5.421165823936462402e-01
4.619126915931701660e-01
6.175336241722106934e-01
6.177591085433959961e-01
4.820339381694793701e-01
7.621403932571411133e-01
3.419243991374969482e-01
3.755748867988586426e-01
3.119144737720489502e-01
6.100580692291259766e-01
3.555593490600585938e-01
3.140503168106079102e-01
7.373133301734924316e-01
6.344009041786193848e-01
2.966118454933166504e-01
3.524502813816070557e-01
5.915104746818542480e-01
2.674626708030700684e-01
7.077265977859497070e-01
5.134518146514892578e-01
4.557883143424987793e-01
5.017489194869995117e-01
6.490234732627868652e-01
4.128509461879730225e-01
6.464064717292785645e-01
5.778257846832275391e-01
3.727791309356689453e-01
4.964987039566040039e-01
7.523381710052490234e-01
3.673047423362731934e-01
3.855981826782226562e-01
5.391856431961059570e-01
5.386235117912292480e-01
2.648402452468872070e-01
4.657578468322753906e-01
6.780824661254882812e-01
5.038668513298034668e-01
7.242569923400878906e-01
6.273151040077209473e-01
2.772684693336486816e-01
7.101804018020629883e-01
5.141890645027160645e-01
6.758723258972167969e-01
2.638845443725585938e-01
5.467609167098999023e-01
5.634415745735168457e-01
4.084793627262115479e-01
5.176768898963928223e-01
6.096766591072082520e-01
2.268787175416946411e-01
7.428139448165893555e-01
4.232270717620849609e-01
3.562946021556854248e-01
7.541772127151489258e-01
2.691316604614257812e-01
4.211948812007904053e-01
4.474933445453643799e-01
4.067549109458923340e-01
3.921722769737243652e-01
1.535761058330535889e-01
5.795822739601135254e-01
7.027512788772583008e-01
3.403528928756713867e-01
4.137283861637115479e-01
4.562854468822479248e-01
4.432324171066284180e-01
2.976358532905578613e-01
6.066256761550903320e-01
4.668060839176177979e-01
5.239992737770080566e-01
1.988739669322967529e-01
5.299063920974731445e-01
5.121353864669799805e-01
7.801327109336853027e-01
3.205353617668151855e-01
5.756974220275878906e-01
4.668548107147216797e-01
6.446782946586608887e-01
2.858788371086120605e-01
6.380305886268615723e-01
4.653590023517608643e-01
1.813421100378036499e-01
5.116372704505920410e-01
3.839448392391204834e-01
5.174267888069152832e-01
5.583187937736511230e-01
3.879586756229400635e-01
3.355228602886199951e-01
3.021975159645080566e-01
5.723744034767150879e-01
3.665351271629333496e-01
6.868525147438049316e-01
6.722721457481384277e-01
7.501178979873657227e-01
3.874631524085998535e-01
3.709352910518646240e-01
4.701615869998931885e-01
4.990325272083282471e-01
5.049937963485717773e-01
4.119654893875122070e-01
6.905677318572998047e-01
7.437888383865356445e-01
6.556624174118041992e-01
4.325702786445617676e-01
3.123170137405395508e-01
4.897434413433074951e-01
3.911060392856597900e-01
2.565659880638122559e-01
4.090514481067657471e-01
3.324918448925018311e-01
7.298866510391235352e-01
1.935003846883773804e-01
5.480113029479980469e-01
7.093964815139770508e-01
7.292419672012329102e-01
1.856524050235748291e-01
5.850121378898620605e-01
2.385985851287841797e-01
4.193934500217437744e-01
4.788812994956970215e-01
3.725923001766204834e-01
4.914422035217285156e-01
5.257530808448791504e-01
7.579697370529174805e-01
7.004753351211547852e-01
6.653585433959960938e-01
3.485471010208129883e-01
5.593706965446472168e-01
6.551366448402404785e-01
4.123578071594238281e-01
3.355701863765716553e-01
5.473191142082214355e-01
2.253706157207489014e-01
3.366634845733642578e-01
5.619090795516967773e-01
4.976957440376281738e-01
5.087605714797973633e-01
6.610792875289916992e-01
4.141225218772888184e-01
7.647923231124877930e-01
4.689599871635437012e-01
3.725153803825378418e-01
4.657267034053802490e-01
6.795427799224853516e-01
6.487390398979187012e-01
7.773259878158569336e-01
3.971244692802429199e-01
5.587938427925109863e-01
4.127472639083862305e-01
6.591840982437133789e-01
2.487682551145553589e-01
5.351148247718811035e-01
5.096709728240966797e-01
6.042073369026184082e-01
4.503376185894012451e-01
5.330553650856018066e-01
2.568477094173431396e-01
3.382689654827117920e-01
2.216865420341491699e-01
3.556724786758422852e-01
3.179021179676055908e-01
5.372582674026489258e-01
5.111950039863586426e-01
4.514426589012145996e-01
7.398433089256286621e-01
3.222547173500061035e-01
5.062423944473266602e-01
2.703295648097991943e-01
5.887097120285034180e-01
6.800633072853088379e-01
5.526846051216125488e-01
3.809340000152587891e-01
2.858676016330718994e-01
3.735118806362152100e-01
5.460209250450134277e-01
2.414337545633316040e-01
1.575642377138137817e-01
6.382337212562561035e-01
5.501481890678405762e-01
4.591563940048217773e-01
3.994460403919219971e-01
3.248742222785949707e-01
6.214528083801269531e-01
5.029631853103637695e-01
3.558669984340667725e-01
3.919760882854461670e-01
7.266628742218017578e-01
3.631788492202758789e-01
7.124021649360656738e-01
6.458116769790649414e-01
3.454042673110961914e-01
3.731487393379211426e-01
8.089877367019653320e-01
4.378445744514465332e-01
