2.766357660293579102e-01
7.524876594543457031e-01
6.699827909469604492e-01
3.049008250236511230e-01
5.177609920501708984e-01
6.745906472206115723e-01
4.790584743022918701e-01
5.725058913230895996e-01
4.109742045402526855e-01
5.486457347869873047e-01
5.536015629768371582e-01
4.170040190219879150e-01
6.525530219078063965e-01
4.444479644298553467e-01
6.432893276214599609e-01
6.439243555068969727e-01
6.752138733863830566e-01
6.318101882934570312e-01
6.094034910202026367e-01
6.119930744171142578e-01
2.371609658002853394e-01
6.851089596748352051e-01
3.976379334926605225e-01
4.473446607589721680e-01
2.815366983413696289e-01
4.342437982559204102e-01
5.741161704063415527e-01
4.922462105751037598e-01
4.700805544853210449e-01
6.067554950714111328e-01
5.921893119812011719e-01
5.023933649063110352e-01
5.639057159423828125e-01
5.342804193496704102e-01
6.233637928962707520e-01
5.350247025489807129e-01
6.539119482040405273e-01
4.225265085697174072e-01
5.046813488006591797e-01
5.317467451095581055e-01
6.277964711189270020e-01
4.038780629634857178e-01
2.338710874319076538e-01
5.426514148712158203e-01
5.587446689605712891e-01
7.107292413711547852e-01
6.207346320152282715e-01
3.414026498794555664e-01
4.748001694679260254e-01
3.890455663204193115e-01
4.924685657024383545e-01
2.971979081630706787e-01
5.178873538970947266e-01
4.485234618186950684e-01
7.500094771385192871e-01
4.625295102596282959e-01
5.675038695335388184e-01
3.685669898986816406e-01
6.615435481071472168e-01
3.839865028858184814e-01
6.479532718658447266e-01
3.046452403068542480e-01
5.244122147560119629e-01
4.782159626483917236e-01
6.155800819396972656e-01
6.072869896888732910e-01
4.713829159736633301e-01
7.685190439224243164e-01
3.366023600101470947e-01
3.658209741115570068e-01
3.111137151718139648e-01
6.024001836776733398e-01
3.706489205360412598e-01
3.266054093837738037e-01
7.287186384201049805e-01
6.466259956359863281e-01
2.920853495597839355e-01
3.528756201267242432e-01
6.022401452064514160e-01
2.643512785434722900e-01
7.085289359092712402e-01
5.340457558631896973e-01
4.602612853050231934e-01
5.123445391654968262e-01
6.532678008079528809e-01
4.026120901107788086e-01
6.469069719314575195e-01
5.802126526832580566e-01
3.675642311573028564e-01
5.072179436683654785e-01
7.505183219909667969e-01
3.576848804950714111e-01
3.936332464218139648e-01
5.456890463829040527e-01
5.360495448112487793e-01
2.655929028987884521e-01
4.604565203189849854e-01
6.617118716239929199e-01
5.034486055374145508e-01
7.132527828216552734e-01
6.229954957962036133e-01
2.810362875461578369e-01
7.020692229270935059e-01
5.154809355735778809e-01
6.867532134056091309e-01
2.702485620975494385e-01
5.575728416442871094e-01
5.685775876045227051e-01
4.238483011722564697e-01
5.112257003784179688e-01
6.006017923355102539e-01
2.304506897926330566e-01
7.496805787086486816e-01
4.373890757560729980e-01
3.667481243610382080e-01
7.481741905212402344e-01
2.760771512985229492e-01
4.222818017005920410e-01
4.521201252937316895e-01
3.913505971431732178e-01
3.979364335536956787e-01
1.620322465896606445e-01
5.686405301094055176e-01
6.924137473106384277e-01
3.482047617435455322e-01
4.176022112369537354e-01
4.611493945121765137e-01
4.402089118957519531e-01
2.950934171676635742e-01
5.991835594177246094e-01
4.549649953842163086e-01
5.148105025291442871e-01
2.002531141042709351e-01
5.207867622375488281e-01
5.205399394035339355e-01
7.790844440460205078e-01
3.272077441215515137e-01
5.832790136337280273e-01
4.710212051868438721e-01
6.369278430938720703e-01
2.788652777671813965e-01
6.286271214485168457e-01
4.725792706012725830e-01
1.848396658897399902e-01
5.178367495536804199e-01
3.990831375122070312e-01
5.163140296936035156e-01
5.618808269500732422e-01
3.894028961658477783e-01
3.290881812572479248e-01
2.982342839241027832e-01
5.569588541984558105e-01
3.876221179962158203e-01
6.753401756286621094e-01
6.599097251892089844e-01
7.460321784019470215e-01
3.982531726360321045e-01
3.810602128505706787e-01
4.851200580596923828e-01
4.960877001285552979e-01
4.848851561546325684e-01
4.119495153427124023e-01
6.958506703376770020e-01
7.431228756904602051e-01
6.561921238899230957e-01
4.206553995609283447e-01
3.167645633220672607e-01
4.834780395030975342e-01
3.781027495861053467e-01
2.608037889003753662e-01
4.121130108833312988e-01
3.249274194240570068e-01
7.201800942420959473e-01
1.981442868709564209e-01
5.587620735168457031e-01
7.167267203330993652e-01
7.315844893455505371e-01
1.892764717340469360e-01
5.822413563728332520e-01
2.486105412244796753e-01
4.159119427204132080e-01
4.762703180313110352e-01
3.893162310123443604e-01
4.963586330413818359e-01
5.380653738975524902e-01
7.647578120231628418e-01
7.076838612556457520e-01
6.649326682090759277e-01
3.365191817283630371e-01
5.486680269241333008e-01
6.640272140502929688e-01
4.143497347831726074e-01
3.325742185115814209e-01
5.235279798507690430e-01
2.323792874813079834e-01
3.357239365577697754e-01
5.706433653831481934e-01
5.094580054283142090e-01
4.989734590053558350e-01
6.595726013183593750e-01
4.005546569824218750e-01
7.570022344589233398e-01
4.547902643680572510e-01
3.720982968807220459e-01
4.586779177188873291e-01
6.726003289222717285e-01
6.589316129684448242e-01
7.719717621803283691e-01
4.008014798164367676e-01
5.732706189155578613e-01
4.286475777626037598e-01
6.360795497894287109e-01
2.625382542610168457e-01
5.350998044013977051e-01
5.247974991798400879e-01
6.161707639694213867e-01
4.372597634792327881e-01
5.321633815765380859e-01
2.646840810775756836e-01
3.320809900760650635e-01
2.350900769233703613e-01
3.454375863075256348e-01
3.178717494010925293e-01
5.472959876060485840e-01
5.093450546264648438e-01
4.552932679653167725e-01
7.366601228713989258e-01
3.267402946949005127e-01
4.984428584575653076e-01
2.675901353359222412e-01
5.937098264694213867e-01
6.965789198875427246e-01
5.658493041992187500e-01
3.791928887367248535e-01
2.785999774932861328e-01
3.609759211540222168e-01
5.536862611770629883e-01
2.519751787185668945e-01
1.647765189409255981e-01
6.362931728363037109e-01
5.421660542488098145e-01
4.836437404155731201e-01
4.131919443607330322e-01
3.202365636825561523e-01
6.132948398590087891e-01
5.094761252403259277e-01
3.564465045928955078e-01
3.952101171016693115e-01
7.279675006866455078e-01
3.835475742816925049e-01
7.086925506591796875e-01
6.319916248321533203e-01
3.434725999832153320e-01
3.840896189212799072e-01
8.032066822052001953e-01
4.529703259468078613e-01
